12345678909
00000000000
12345678909
00000000000
12345678909
00000000000
12345678909
00000000000
12345678909
00000000000
12345678909
00000000000
12345678909
00000000000
12345678909
00000000000
12345678909
00000000000
12345678909
00000000000
12345678909
00000000000
12345678909
00000000000
12345678909
00000000000
12345678909
00000000000
12345678909
00000000000
12345678909
00000000000
12345678909
00000000000
12345678909
00000000000
12345678909
00000000000
12345678909
00000000000
12345678909
00000000000
12345678909
00000000000
12345678909
00000000000
12345678909
00000000000
12345678909
00000000000
12345678909
00000000000
12345678909
00000000000
12345678909
00000000000
12345678909
00000000000
12345678909
00000000000
12345678909
00000000000
12345678909
00000000000
12345678909
00000000000
12345678909
00000000000
12345678909
00000000000
12345678909
00000000000
12345678909
00000000000
12345678909
00000000000
12345678909
00000000000
12345678909
00000000000
12345678909
00000000000
12345678909
00000000000
12345678909
00000000000
12345678909
00000000000
12345678909
00000000000
12345678909
00000000000
12345678909
00000000000
12345678909
00000000000
12345678909
00000000000
12345678909
00000000000
