52998224725
12312312312
52998224725
12312312312
52998224725
12312312312
52998224725
12312312312
52998224725
12312312312
52998224725
12312312312
52998224725
12312312312
52998224725
12312312312
52998224725
12312312312
52998224725
12312312312
52998224725
12312312312
52998224725
12312312312
52998224725
12312312312
52998224725
12312312312
52998224725
12312312312
52998224725
12312312312
52998224725
12312312312
52998224725
12312312312
52998224725
12312312312
52998224725
12312312312
52998224725
12312312312
52998224725
12312312312
52998224725
12312312312
52998224725
12312312312
52998224725
12312312312
52998224725
12312312312
52998224725
12312312312
52998224725
12312312312
52998224725
12312312312
52998224725
12312312312
52998224725
12312312312
52998224725
12312312312
52998224725
12312312312
52998224725
12312312312
52998224725
12312312312
52998224725
12312312312
52998224725
12312312312
52998224725
12312312312
52998224725
12312312312
52998224725
12312312312
52998224725
12312312312
52998224725
12312312312
52998224725
12312312312
52998224725
12312312312
52998224725
12312312312
52998224725
12312312312
52998224725
12312312312
52998224725
12312312312
52998224725
12312312312
52998224725
12312312312
