74565439070
33333333333
74565439070
33333333333
74565439070
33333333333
74565439070
33333333333
74565439070
33333333333
74565439070
33333333333
74565439070
33333333333
74565439070
33333333333
74565439070
33333333333
74565439070
33333333333
74565439070
33333333333
74565439070
33333333333
74565439070
33333333333
74565439070
33333333333
74565439070
33333333333
74565439070
33333333333
74565439070
33333333333
74565439070
33333333333
74565439070
33333333333
74565439070
33333333333
74565439070
33333333333
74565439070
33333333333
74565439070
33333333333
74565439070
33333333333
74565439070
33333333333
74565439070
33333333333
74565439070
33333333333
74565439070
33333333333
74565439070
33333333333
74565439070
33333333333
74565439070
33333333333
74565439070
33333333333
74565439070
33333333333
74565439070
33333333333
74565439070
33333333333
74565439070
33333333333
74565439070
33333333333
74565439070
33333333333
74565439070
33333333333
74565439070
33333333333
74565439070
33333333333
74565439070
33333333333
74565439070
33333333333
74565439070
33333333333
74565439070
33333333333
74565439070
33333333333
74565439070
33333333333
74565439070
33333333333
74565439070
33333333333
74565439070
33333333333
