98765432100
22222222222
98765432100
22222222222
98765432100
22222222222
98765432100
22222222222
98765432100
22222222222
98765432100
22222222222
98765432100
22222222222
98765432100
22222222222
98765432100
22222222222
98765432100
22222222222
98765432100
22222222222
98765432100
22222222222
98765432100
22222222222
98765432100
22222222222
98765432100
22222222222
98765432100
22222222222
98765432100
22222222222
98765432100
22222222222
98765432100
22222222222
98765432100
22222222222
98765432100
22222222222
98765432100
22222222222
98765432100
22222222222
98765432100
22222222222
98765432100
22222222222
98765432100
22222222222
98765432100
22222222222
98765432100
22222222222
98765432100
22222222222
98765432100
22222222222
98765432100
22222222222
98765432100
22222222222
98765432100
22222222222
98765432100
22222222222
98765432100
22222222222
98765432100
22222222222
98765432100
22222222222
98765432100
22222222222
98765432100
22222222222
98765432100
22222222222
98765432100
22222222222
98765432100
22222222222
98765432100
22222222222
98765432100
22222222222
98765432100
22222222222
98765432100
22222222222
98765432100
22222222222
98765432100
22222222222
98765432100
22222222222
98765432100
22222222222
