11144477735
11111111111
11144477735
11111111111
11144477735
11111111111
11144477735
11111111111
11144477735
11111111111
11144477735
11111111111
11144477735
11111111111
11144477735
11111111111
11144477735
11111111111
11144477735
11111111111
11144477735
11111111111
11144477735
11111111111
11144477735
11111111111
11144477735
11111111111
11144477735
11111111111
11144477735
11111111111
11144477735
11111111111
11144477735
11111111111
11144477735
11111111111
11144477735
11111111111
11144477735
11111111111
11144477735
11111111111
11144477735
11111111111
11144477735
11111111111
11144477735
11111111111
11144477735
11111111111
11144477735
11111111111
11144477735
11111111111
11144477735
11111111111
11144477735
11111111111
11144477735
11111111111
11144477735
11111111111
11144477735
11111111111
11144477735
11111111111
11144477735
11111111111
11144477735
11111111111
11144477735
11111111111
11144477735
11111111111
11144477735
11111111111
11144477735
11111111111
11144477735
11111111111
11144477735
11111111111
11144477735
11111111111
11144477735
11111111111
11144477735
11111111111
11144477735
11111111111
11144477735
11111111111
11144477735
11111111111
11144477735
11111111111
11144477735
11111111111
